Hi , this is the first com demo
COM16   'Silic'
Vin= 6003
V-> 818 6218 5400 0
Q->  23   92   69 0
Vin= 6010
V-> 775 6175 5400 0
Q->  25   94   69 0
Vin= 6001
V-> 831 6231 5400 0
Q->  24   93   69 0
Vin= 6001
V-> 806 6206 5400 0
Q->  24   93   69 0
Vin= 6007
V-> 787 6187 5400 0
Q->  23   92   69 0
Force Ping:A-1,Q-0
*****Switch to the other NU1025*******
Group 1 NU1025 disabled
NU1025 0 Enabled
99 16
Vin= 6001
V-> 394 5794 5400 0
Q->  27   96   69 0
Vin= 6003
V-> 637 6037 5400 0
Q->  25   94   69 0
Vin= 6001
V-> 625 6025 5400 0
Q->  27   96   69 0
Vin= 6000
V-> 650 6050 5400 0
Q->  27   96   69 0
Vin= 6000
V-> 562 5962 5400 0
Q->  26   95   69 0
Vin= 6000
V-> 575 5975 5400 0
Q->  27   96   69 0
Force Ping:A-1,Q-0
*****Switch to the other NU1025*******
Group 0 NU1025 disabled
NU1025 1 Enabled
99 16
Vin= 6000
V-> 469 5869 5400 0
Q->  24   93   69 0
Vin= 6001
V-> 681 6081 5400 0
Q->  23   92   69 0
Vin= 6001
V-> 662 6062 5400 0
Q->  24   93   69 0
Vin= 6003
V-> 644 6044 5400 0
Q->  23   92   69 0
Vin= 6007
V-> 681 6081 5400 0
Q->  22   91   69 0
Vin= 6000
V-> 719 6119 5400 0
Q->  23   92   69 0
Force Ping:A-1,Q-0
*****Switch to the other NU1025*******
Group 1 NU1025 disabled
NU1025 0 Enabled
99 16
Vin= 6000
V-> 406 5806 5400 0
Q->  27   96   69 0
Vin= 6003
V-> 637 6037 5400 0
Q->  26   95   69 0
400 0
Q->  23   92   69 0
Force Ping:A-1,Q-0
*****Switch to the other NU1025*******
Group 1 NU1025 disabled
NU1025 0 Enabled
99 16
Vin= 6001
V-> 425 5825 5400 0
Q->  25   94   69 0
Vin= 6007
V-> 637 6037 5400 0
Q->  26   95   69 0
Vin= 6007
V-> 675 6075 5400 0
Q->  26   95   69 0
Vin= 6005
V-> 768 6168 5400 0
Q->  25   94   69 0
Vin= 6001
V-> 669 6069 5400 0
Q->  26   95   69 0
Vin= 6001
V-> 537 5937 5400 0
Q->  29   98   69 0
Force Ping:A-1,Q-0
*****Switch to the other NU1025*******
Group 0 NU1025 disabled
NU1025 1 Enabled
99 16
Vin= 6005
V-> 487 5887 5400 0
Q->  23   92   69 0
Vin= 6005
V-> 818 6218 5400 0
Q->  23   92   69 0
Vin= 6000
V-> 768 6168 5400 0
Q->  24   93   69 0
Vin= 6000
V-> 831 6231 5400 0
Q->  23   92   69 0
Vin= 6000
V-> 800 6200 5400 0
Q->  23   92   69 0
Vin= 6005
V-> 775 6175 5400 0
Q->  23   92   69 0
Force Ping:A-1,Q-0
*****Switch to the other NU1025*******
Group 1 NU1025 disabled
NU1025 0 Enabled
99 16
Vin= 6000
V-> 400 5800 5400 0
Q->  26   95   69 0
Vin= 6007
V-> 631 6031 5400 0
Q->  25   94   69 0
Vin= 6000
V-> 619 6019 5400 0
Q->  25   94   69 0
Vin= 6000
V-> 669 6069 5400 0
Q->  25   94   69 0
Vin= 6007
V-> 556 5956 5400 0
Q->  26   95   69 0
Vin= 6001
V-> 569 5969 5400 0
Q->  25   94   69 0
Force Ping:A-1,Q-0
*****Switch to the other NU1025*******
Group 0 NU1025 disabled
NU1025 1 Enabled
99 16
Vin= 6000
V-> 463 5863 5400 0
Q->  23   92   69 0
Vin= 6001
V-> 669 6069 5400 0
Q->  22   91   69 0
Vin= 6000
V-> 662 6062 5400 0
Q->  23   92   69 0
Vin= 6009
V-> 650 6050 5400 0
Q->  23   92   69 0
Vin= 6003
V-> 687 6087 5400 0
Q->  24   93   69 0
Vin= 6003
V-> 719 6119 5400 0
Q->  23   92   69 0
Force Ping:A-1,Q-0
*****Switch to the other NU1025*******
Group 1 NU1025 disabled
NU1025 0 Enabled
99 16
Vin= 5998
V-> 419 5819 5400 0
Q->  27   96   69 0
Vin= 6003
V-> 625 6025 5400 0
Q->  25   94   69 0
Vin= 6005
V-> 669 6069 5400 0
Q->  27   96   69 0
Q->  26   95   69 0
Q->  25   94   69 0
Q->  28   97   69 0
Q->  24   93   69 0
Q->  24   93   69 0
Q->  23   92   69 0
Q->  23   92   69 0
Q->  23   92   69 0
Q->  23   92   69 0
Q->  27   96   69 0
Q->  27   96   69 0
Q->  27   96   69 0
Q->  26   95   69 0
Q->  27   96   69 0
Q->  27   96   69 0
Q->  23   92   69 0
Q->  24   93   69 0
Q->  23   92   69 0
Q->  23   92   69 0
Q->  23   92   69 0
Q->  22   91   69 0
Q->  25   94   69 0
Q->  25   94   69 0
Q->  25   94   69 0
Q->  25   94   69 0
Q->  27   96   69 0
Q->  25   94   69 0
Q->  24   93   69 0
Q->  23   92   69 0
Q->  23   92   69 0
Q->  24   93   69 0
Q->  25   94   69 0
Q->  23   92   69 0
Q->  24   93   69 0
Q->  27   96   69 0
Q->  29   98   69 0
Q->  27   96   69 0
Q->  25   94   69 0
Q->  25   94   69 0
Q->  23   92   69 0
Q->  24   93   69 0
Q->  23   92   69 0
Q->  23   92   69 0
Q->  23   92   69 0
Q->  23   92   69 0
Q->  26   95   69 0
Q->  25   94   69 0
Q->  25   94   69 0
Q->  25   94   69 0
Q->  27   96   69 0
Q->  26   95   69 0
Q->  23   92   69 0
Q->  24   93   69 0
Q->  23   92   69 0
Q->  23   92   69 0
Q->  23   92   69 0
Q->  23   92   69 0
Q->  27   96   69 0
Q->  25   94   69 0
Q->  26   95   69 0
Q->  25   94   69 0
Q->  25   94   69 0
Q->  26   95   69 0
Q->  23   92   69 0
Q->  23   92   69 0
Q->  23   92   69 0
Q->  23   92   69 0
Q->  23   92   69 0
Q->  22   91   69 0
Q->  25   94   69 0
Q->  27   96   69 0
Q->  27   96   69 0
Q->  26   95   69 0
Q->  25   94   69 0
Q->  25   94   69 0
Q->  26   95   69 0
Q->  23   92   69 0
Q->  23   92   69 0
Q->  23   92   69 0
Q->  23   92   69 0
Q->  26   95   69 0
Q->  25   94   69 0
Q->  24   93   69 0
Q->  25   94   69 0
Q->  25   94   69 0
Q->  25   94   69 0
Q->  25   94   69 0
Q->  23   92   69 0
Q->  23   92   69 0
Q->  23   92   69 0
Q->  24   93   69 0
Q->  23   92   69 0
Q->  24   93   69 0
Q->  26   95   69 0
Q->  25   94   69 0
Q->  26   95   69 0
Q->  28   97   69 0
Q->  28   97   69 0
Q->  24   93   69 0
Q->  25   94   69 0
Q->  25   94   69 0
Q->  23   92   69 0
Q->  23   92   69 0
Q->  23   92   69 0
Q->  22   91   69 0
Q->  29   98   69 0
Q->  25   94   69 0
Q->  25   94   69 0
Q->  25   94   69 0
Q->  26   95   69 0
Q->  25   94   69 0
Q->  23   92   69 0
Q->  23   92   69 0
Q->  23   92   69 0
Q->  22   91   69 0
Q->  24   93   69 0
Q->  23   92   69 0
Q->  25   94   69 0
Q->  26   95   69 0
Q->  26   95   69 0
Q->  28   97   69 0
Q->  27   96   69 0
Q->  25   94   69 0
Q->  23   92   69 0
Q->  22   91   69 0
Q->  23   92   69 0
Q->  23   92   69 0
Q->  24   93   69 0
Q->  23   92   69 0
Q->  26   95   69 0
Q->  26   95   69 0
Q->  27   96   69 0
Q->  25   94   69 0
Q->  28   97   69 0
Q->  26   95   69 0
Q->  23   92   69 0
Q->  23   92   69 0
Q->  23   92   69 0
Q->  23   92   69 0
Q->  24   93   69 0
Q->  23   92   69 0
Q->  27   96   69 0
Q->  25   94   69 0
Q->  26   95   69 0
Q->  26   95   69 0
Q->  25   94   69 0
Q->  25   94   69 0
Q->  24   93   69 0
Q->  24   93   69 0
Q->  23   92   69 0
Q->  23   92   69 0
Q->  23   92   69 0
Q->  23   92   69 0
Q->  25   94   69 0
Q->  25   94   69 0
Q->  25   94   69 0
Q->  25   94   69 0
Q->  25   94   69 0
Q->  25   94   69 0
Q->  24   93   69 0
Q->  23   92   69 0
Q->  23   92   69 0
Q->  23   92   69 0
Q->  23   92   69 0
Q->  23   92   69 0
Q->  25   94   69 0
Q->  25   94   69 0
Q->  27   96   69 0
Q->  27   96   69 0
Q->  27   96   69 0
Q->  29   98   69 0
Q->  24   93   69 0
Q->  24   93   69 0
Q->  23   92   69 0
Q->  23   92   69 0
Q->  24   93   69 0
Q->  23   92   69 0
Q->  25   94   69 0
Q->  25   94   69 0
Q->  25   94   69 0
Q->  25   94   69 0
Q->  26   95   69 0
Q->  25   94   69 0
Q->  23   92   69 0
Q->  22   91   69 0
Q->  23   92   69 0
Q->  23   92   69 0
Q->  23   92   69 0
Q->  23   92   69 0
Q->  25   94   69 0
Q->  26   95   69 0
Q->  27   96   69 0
Q->  25   94   69 0
Q->  25   94   69 0
Q->  25   94   69 0
Q->  25   94   69 0
Q->  23   92   69 0
Q->  23   92   69 0
Q->  23   92   69 0
Q->  24   93   69 0
Q->  23   92   69 0
Q->  25   94   69 0
Q->  24   93   69 0
Q->  25   94   69 0
Q->  26   95   69 0
Q->  25   94   69 0
Q->  23   92   69 0
Q->  23   92   69 0
Q->  23   92   69 0
Q->  22   91   69 0
Q->  22   91   69 0
Q->  24   93   69 0
Q->  23   92   69 0
Q->  25   94   69 0
Q->  25   94   69 0
Q->  25   94   69 0
Q->  26   95   69 0
Q->  30   99   69 0
Q->  27   96   69 0
Q->  23   92   69 0
Q->  23   92   69 0

